10
0.0 69.78456371876003 62.94752244793249 88.28415024104555 111.51237717644989 60.27471314669515 72.73795107135278 88.28415024104555 67.53394120661083 72.73795107135278
69.78456371876003 0.0 82.35071616975347 76.9455751319829 70.31615602346342 49.674076199537474 69.10176590362398 112.88733067189514 68.67755730055771 76.48835036301824
62.94752244793249 82.35071616975347 0.0 101.99395744633128 69.10176590362398 133.62416627595502 94.37936714834262 114.49305365682298 68.67755730055771 49.674076199537474
88.28415024104555 76.9455751319829 101.99395744633128 0.0 48.148333222491345 88.28415024104555 82.35071616975347 113.93344448014895 63.23835608082884 81.97099016819475
111.51237717644989 70.31615602346342 69.10176590362398 48.148333222491345 0.0 109.57193375231836 70.31615602346342 113.93344448014895 73.3309370622241 86.3116068080707
60.27471314669515 49.674076199537474 133.62416627595502 88.28415024104555 109.57193375231836 0.0 67.53394120661083 60.27471314669515 48.85684854855037 63.23835608082884
72.73795107135278 69.10176590362398 94.37936714834262 82.35071616975347 70.31615602346342 67.53394120661083 0.0 117.99101791635717 81.97099016819475 75.6064135848533
88.28415024104555 112.88733067189514 114.49305365682298 113.93344448014895 113.93344448014895 60.27471314669515 117.99101791635717 0.0 59.18850280408483 48.148333222491345
67.53394120661083 68.67755730055771 68.67755730055771 63.23835608082884 73.3309370622241 48.85684854855037 81.97099016819475 59.18850280408483 0.0 94.37936714834262
72.73795107135278 76.48835036301824 49.674076199537474 81.97099016819475 86.3116068080707 63.23835608082884 75.6064135848533 48.148333222491345 94.37936714834262 0.0
