10
0.0 93.36410387643564 80.8112315875478 93.36410387643564 99.58861554168607 51.965850826863075 49.354281329871014 88.41933278231787 87.81587902852118 75.51774520911543
93.36410387643564 0.0 81.37569764184875 75.51774520911543 55.94531919880755 96.69167998430123 65.23340660203414 73.34666019878422 49.85634088770851 75.12301659092049
80.8112315875478 81.37569764184875 0.0 96.61275112304679 105.41807625157668 114.17409584983193 106.04686069136926 50.50115310523712 88.41933278231787 96.61275112304679
93.36410387643564 75.51774520911543 96.61275112304679 0.0 93.36410387643564 98.22505866580475 75.12301659092049 55.94531919880755 77.05171884147713 100.1172546482064
99.58861554168607 55.94531919880755 105.41807625157668 93.36410387643564 0.0 87.81587902852118 81.37569764184875 93.36410387643564 14.539476224951045 65.78065600813802
51.965850826863075 96.69167998430123 114.17409584983193 98.22505866580475 87.81587902852118 0.0 83.9652771878244 99.58861554168607 87.25624612578667 83.9652771878244
49.354281329871014 65.23340660203414 106.04686069136926 75.12301659092049 81.37569764184875 83.9652771878244 0.0 30.142891459205437 30.142891459205437 73.34666019878422
88.41933278231787 73.34666019878422 50.50115310523712 55.94531919880755 93.36410387643564 99.58861554168607 30.142891459205437 0.0 70.3167883251662 55.32699527587222
87.81587902852118 49.85634088770851 88.41933278231787 77.05171884147713 14.539476224951045 87.25624612578667 30.142891459205437 70.3167883251662 0.0 114.17409584983193
75.51774520911543 75.12301659092049 96.61275112304679 100.1172546482064 65.78065600813802 83.9652771878244 73.34666019878422 55.32699527587222 114.17409584983193 0.0
