10
0.0 80.38394953539816 20.432470851022714 112.58810664198178 62.407205055300494 80.38394953539816 61.02851002017366 85.53243459873785 18.900751884700753 66.9365384709626
80.38394953539816 0.0 102.4981530232182 66.9365384709626 60.39259491680627 55.68945445736583 72.70823591235117 102.4981530232182 138.15831159298605 66.9365384709626
20.432470851022714 102.4981530232182 0.0 62.407205055300494 93.87623143647318 83.51517824081323 47.330630028769264 89.1571506459587 89.1571506459587 93.87623143647318
112.58810664198178 66.9365384709626 62.407205055300494 0.0 62.407205055300494 70.4118935112377 15.145587045679719 72.70823591235117 47.330630028769264 61.567721391731816
62.407205055300494 60.39259491680627 93.87623143647318 62.407205055300494 0.0 35.439244629417594 90.61139564103648 112.58810664198178 105.06727148067634 89.57877571258027
80.38394953539816 55.68945445736583 83.51517824081323 70.4118935112377 35.439244629417594 0.0 48.20709496716373 52.96499719889855 79.37813545690457 89.1571506459587
61.02851002017366 72.70823591235117 47.330630028769264 15.145587045679719 90.61139564103648 48.20709496716373 0.0 70.4118935112377 8.515432657337357 48.20709496716373
85.53243459873785 102.4981530232182 89.1571506459587 72.70823591235117 112.58810664198178 52.96499719889855 70.4118935112377 0.0 48.767447096390256 61.02851002017366
18.900751884700753 138.15831159298605 89.1571506459587 47.330630028769264 105.06727148067634 79.37813545690457 8.515432657337357 48.767447096390256 0.0 87.5495840344283
66.9365384709626 66.9365384709626 93.87623143647318 61.567721391731816 89.57877571258027 89.1571506459587 48.20709496716373 61.02851002017366 87.5495840344283 0.0
