10
0.0 78.01252761023163 99.28781236318534 91.2134022579103 52.63048189301918 64.16594203484308 69.57452459128312 104.62731890529464 70.90161779155976 104.62731890529464
78.01252761023163 0.0 43.74196348509567 104.62731890529464 68.65960722996668 107.26440642405763 48.783528291517726 52.63048189301918 91.99197122235392 104.62731890529464
99.28781236318534 43.74196348509567 0.0 78.01252761023163 91.2134022579103 102.9956982049629 99.28781236318534 80.72473119186247 74.08187980824252 78.01252761023163
91.2134022579103 104.62731890529464 78.01252761023163 0.0 45.71470497203117 58.50757143486004 61.44847453955775 100.77137341192031 107.26440642405763 54.26766879042076
52.63048189301918 68.65960722996668 91.2134022579103 45.71470497203117 0.0 53.273274968648295 74.08187980824252 70.90161779155976 47.456650276068075 59.96928369718621
64.16594203484308 107.26440642405763 102.9956982049629 58.50757143486004 53.273274968648295 0.0 61.44847453955775 45.71470497203117 96.64039905326085 71.28949045395183
69.57452459128312 48.783528291517726 99.28781236318534 61.44847453955775 74.08187980824252 61.44847453955775 0.0 77.59207910692776 31.036553524437075 75.33373194462281
104.62731890529464 52.63048189301918 80.72473119186247 100.77137341192031 70.90161779155976 45.71470497203117 77.59207910692776 0.0 86.33934367478747 74.08187980824252
70.90161779155976 91.99197122235392 74.08187980824252 107.26440642405763 47.456650276068075 96.64039905326085 31.036553524437075 86.33934367478747 0.0 61.44847453955775
104.62731890529464 104.62731890529464 78.01252761023163 54.26766879042076 59.96928369718621 71.28949045395183 75.33373194462281 74.08187980824252 61.44847453955775 0.0
